3 14 9 4 14 9 4 3 15 10 8 9 4 3 15
3 15 10 11 12 14 13 3 14 9 11 10 4 3 14
7 10 8 9 4 15 7 7 12 14 9 8 13 3 15
8 9 4 6 4 6 8 9 11 12 6 11 12 3 6
13 14 13 14 13 14 13 14 9 4 6 8 13 3 6
12 15 7 7 7 7 7 7 10 11 10 11 12 3 6
4 6 8 9 8 5 5 5 5 5 5 5 13 3 18
13 6 4 6 4 3 3 3 3 3 3 3 2 3 14
7 10 11 10 4 2 2 2 2 2 2 2 2 2 2
5 5 5 9 4 2 2 2 2 2 2 2 2 2 1
1 1 1 6 4 1 1 1 1 1 1 1 1 1 1
1 1 1 6 4 1 0 0 0 0 0 0 0 0 0
0 0 1 14 13 1 0 0 0 0 0 0 0 0 0
7 7 7 7 7 7 19 7 19 7 19 7 19 7 19
5 5 5 5 5 5 17 5 17 5 17 5 17 5 17
